1886 471 1829 469
1829 469 1800 471
1800 471 1711 455
1711 455 1633 420
1633 420 1582 413
1582 413 1509 426
1509 426 1456 434
1456 434 1452 467
1452 467 1380 471
1380 471 1404 519
1404 519 1429 552
1429 552 1425 589
1429 552 1425 589
1404 519 1429 552
1404 519 1468 535
1468 535 1524 498
1468 535 1524 498
1404 519 1468 535
1380 471 1404 519
1380 471 1330 512
1330 512 1219 527
1219 527 1190 566
1219 527 1190 566
1219 527 1196 467
1196 467 1174 416
1174 416 1165 356
1165 356 1089 331
1089 331 1100 298
1100 298 1155 276
1100 298 1155 276
1089 331 1100 298
1165 356 1089 331
1174 416 1165 356
1196 467 1174 416
1196 467 1270 416
1196 467 1270 416
1196 467 1110 515
1110 515 1046 508
1046 508 1038 420
1038 420 1093 424
1038 420 1093 424
1046 508 1038 420
1046 508 1038 601
1038 601 964 589
964 589 844 630
844 630 784 688
784 688 877 737
877 737 834 784
834 784 809 861
809 861 856 857
809 861 856 857
809 861 782 906
809 861 782 906
809 861 720 858
720 858 665 887
665 887 590 896
590 896 578 962
578 962 655 1005
655 1005 729 953
655 1005 729 953
655 1005 640 1118
640 1118 764 1137
764 1137 829 1172
764 1137 829 1172
764 1137 572 1248
572 1248 407 1273
407 1273 300 1429
407 1273 300 1429
572 1248 407 1273
572 1248 226 1176
572 1248 226 1176
764 1137 572 1248
640 1118 764 1137
655 1005 640 1118
578 962 655 1005
590 896 578 962
665 887 590 896
720 858 665 887
720 858 640 754
640 754 529 747
529 747 525 710
525 710 327 714
327 714 281 778
281 778 319 927
319 927 296 1060
319 927 296 1060
281 778 319 927
327 714 281 778
327 714 207 659
327 714 207 659
525 710 327 714
529 747 525 710
529 747 597 661
597 661 636 585
597 661 636 585
529 747 597 661
640 754 529 747
640 754 498 830
640 754 498 830
720 858 640 754
809 861 720 858
809 861 865 962
865 962 873 1056
865 962 873 1056
809 861 865 962
834 784 809 861
877 737 834 784
877 737 949 764
949 764 1052 815
1052 815 998 821
1052 815 998 821
1052 815 1147 828
1052 815 1147 828
949 764 1052 815
877 737 949 764
784 688 877 737
844 630 784 688
964 589 844 630
1038 601 964 589
1038 601 1097 659
1097 659 1071 700
1097 659 1071 700
1038 601 1097 659
1046 508 1038 601
1046 508 943 483
943 483 865 469
865 469 809 511
865 469 809 511
865 469 916 401
865 469 916 401
943 483 865 469
1046 508 943 483
1110 515 1046 508
1196 467 1110 515
1219 527 1196 467
1219 527 1270 626
1270 626 1215 626
1215 626 1215 694
1215 694 1301 774
1301 774 1244 863
1244 863 1112 1027
1244 863 1112 1027
1301 774 1244 863
1301 774 1483 694
1301 774 1483 694
1215 694 1301 774
1215 626 1215 694
1270 626 1215 626
1219 527 1270 626
1330 512 1219 527
1380 471 1330 512
1452 467 1380 471
1456 434 1452 467
1456 434 1443 375
1456 434 1443 375
1509 426 1456 434
1582 413 1509 426
1582 413 1553 342
1582 413 1553 342
1633 420 1582 413
1711 455 1633 420
1800 471 1711 455
1829 469 1800 471
1829 469 1851 525
1851 525 1895 597
1895 597 1907 609
1907 609 1985 593
1985 593 2022 684
2022 684 2115 704
2115 704 2185 768
2185 768 2261 853
2185 768 2261 853
2185 768 2288 717
2185 768 2288 717
2115 704 2185 768
2115 704 2014 735
2014 735 1932 776
1932 776 1880 776
1880 776 1868 815
1868 815 1833 737
1868 815 1833 737
1868 815 1728 1005
1728 1005 1536 1017
1536 1017 1417 1044
1536 1017 1417 1044
1536 1017 1616 817
1536 1017 1616 817
1728 1005 1536 1017
1868 815 1728 1005
1880 776 1868 815
1880 776 1851 729
1851 729 1785 690
1785 690 1767 632
1767 632 1732 619
1732 619 1674 576
1674 576 1615 560
1615 560 1555 599
1615 560 1555 599
1674 576 1615 560
1732 619 1674 576
1767 632 1732 619
1785 690 1767 632
1851 729 1785 690
1880 776 1851 729
1932 776 1880 776
2014 735 1932 776
2014 735 2086 815
2086 815 2028 949
2028 949 2107 962
2028 949 2107 962
2086 815 2028 949
2014 735 2086 815
2115 704 2014 735
2022 684 2115 704
2022 684 1919 684
1919 684 1975 661
1919 684 1975 661
1919 684 1831 657
1919 684 1831 657
2022 684 1919 684
2022 684 2134 615
2022 684 2134 615
1985 593 2022 684
1985 593 2177 558
1985 593 2177 558
1907 609 1985 593
1895 597 1907 609
1851 525 1895 597
1829 469 1851 525
1829 469 1872 409
1872 409 1849 366
1849 366 1775 360
1775 360 1756 331
1756 331 1829 323
1829 323 1891 315
1891 315 1977 331
1977 331 2032 282
2032 282 2010 218
2032 282 2010 218
1977 331 2032 282
1977 331 1946 261
1946 261 1911 207
1911 207 1835 240
1911 207 1835 240
1946 261 1911 207
1977 331 1946 261
1891 315 1977 331
1829 323 1891 315
1756 331 1829 323
1756 331 1668 313
1668 313 1718 255
1718 255 1685 195
1685 195 1649 207
1649 207 1546 212
1546 212 1553 253
1553 253 1512 144
1512 144 1476 257
1476 257 1390 239
1390 239 1398 187
1390 239 1398 187
1390 239 1326 206
1390 239 1326 206
1476 257 1390 239
1512 144 1476 257
1553 253 1512 144
1546 212 1553 253
1649 207 1546 212
1685 195 1649 207
1685 195 1728 162
1728 162 1759 214
1728 162 1759 214
1685 195 1728 162
1685 195 1641 160
1685 195 1641 160
1718 255 1685 195
1668 313 1718 255
1756 331 1668 313
1775 360 1756 331
1849 366 1775 360
1872 409 1849 366
1872 409 1979 459
1979 459 2045 457
2045 457 2084 488
2084 488 2113 420
2084 488 2113 420
2045 457 2084 488
2045 457 2027 387
2045 457 2027 387
1979 459 2045 457
1872 409 1979 459
1829 469 1872 409
1886 471 1829 469
